106
2829 19
77091 27028 91436 60182 74154 85080 9546 8252 41562 13207 97508 91369 85274 82823 97725 56084 85013 52043 96141 
1764 19
44025 47404 65649 11406 54107 77315 20779 64281 14379 13065 56196 21325 56985 56758 12587 48550 14640 65781 12597 
2643 20
72861 27112 92516 70175 14964 47531 46099 55530 38170 60587 47714 60965 31813 72542 16944 88998 571 92984 19499 48641 
3015 20
55366 59103 18432 34807 94206 34244 44696 84758 4840 45093 56574 10788 45619 12014 50932 62459 60802 61320 57506 32227 
5036 20
31959 9900 45519 77929 13644 18083 92696 39903 29604 46328 30645 579 40914 39032 53126 58639 85664 13524 52674 35359 
3928 20
1040 11109 99984 79929 30902 32229 67684 81414 20790 98055 45529 94388 36372 15018 75480 76960 27612 41979 49155 88388 
2929 17
27465 27023 44911 38518 30469 38703 43243 46862 35499 81535 136 91547 58328 21993 70385 54481 87204 
3120 20
63599 45779 89957 86000 70284 807 99902 72215 3756 41195 54200 92494 80761 74725 82105 81665 75149 16260 95577 85769 
9717 20
24005 49619 34430 89528 31613 8818 17131 80175 54700 81030 83029 53060 31011 80746 36358 71094 87353 10492 17668 85268 
1542 20
48422 32276 43483 37154 57961 88883 41059 53326 91068 41041 50781 35572 23501 47800 2698 74937 46442 86246 20852 25437 
8408 19
9756 16222 31076 23569 13455 63077 35896 27938 40222 47632 3312 82975 23584 5279 4098 69966 37821 22006 46750 
6350 20
91967 85008 12098 95651 74719 22137 90683 29478 88930 95079 29897 28244 13595 80162 77825 51631 91017 93115 48297 81013 
4006 20
20336 48413 16659 69553 14125 43253 27982 35677 51192 12746 66990 26469 95141 55852 29579 11214 73549 54398 94250 70040 
7599 19
13673 85363 14510 6450 79840 84313 80113 94218 65680 87924 15740 25754 82086 44570 55343 15969 55396 15490 65522 
243 20
19979 33857 14463 40821 28617 90322 25516 34016 48340 91767 43824 22596 8039 67052 81411 66764 3667 4157 85694 27509 
6937 20
47247 36164 80846 97743 63659 60107 85692 33859 15426 26012 90470 96138 2814 64550 20272 89923 62652 62072 44769 6552 
6474 19
95287 60152 31819 32375 38755 43052 39311 3333 80600 41476 49145 69757 41712 8797 28006 89223 87526 35697 36087 
2103 17
94707 52305 10579 25083 98670 52840 19124 11028 14424 37862 6743 32613 82672 52599 61578 29044 82318 
1267 20
96082 17825 66432 40834 13994 5885 53688 9506 34469 39525 592 30878 9453 62486 90776 67886 91226 82685 18473 2829 
5371 20
88714 19200 148 13317 92326 6973 92824 62941 76146 27757 30254 36848 67048 49611 59805 44981 16987 17832 64207 70107 
9937 20
86547 93171 55483 32255 71638 19533 93635 66338 73695 16797 64210 23664 80087 8300 27017 67641 80626 93406 33274 65351 
9998 19
53242 14081 63916 85931 73064 7193 23867 7541 17066 97190 32067 93052 31316 78073 865 39237 34701 85027 64416 
7412 20
68343 59333 45165 27169 52651 43542 5212 94954 33887 69932 33927 86753 9474 55422 31548 80424 34867 75750 17176 13706 
5763 20
78572 71306 24823 68800 59364 66108 94605 53371 59160 95236 63137 86642 69478 66230 53009 37166 75194 76502 26444 25576 
408 20
94197 31129 34200 2194 25439 65595 69455 54593 13037 95036 16803 62757 79566 69269 42226 45051 47022 68646 79586 70901 
6008 20
29920 45867 5250 34661 11410 84551 87851 79165 43410 24401 60417 96729 54791 36282 49132 29348 34879 80558 14507 65795 
1750 20
18814 80077 97517 91723 91749 62902 74833 84480 70715 28733 68603 68908 10305 11023 64392 7149 41618 3419 54370 44587 
4493 18
18211 4550 31388 64895 33398 68092 21504 42420 35565 18954 11542 97991 54738 38337 21576 966 9127 55767 
9870 20
34553 59381 84963 98810 26958 34399 91285 95460 40288 7031 65133 27792 10416 40333 35560 99838 49916 35036 68752 42155 
4256 20
90718 67670 77955 69984 29091 50931 51468 73946 59251 68175 805 59528 28656 27314 96044 50621 14682 18564 64685 71393 
4957 19
55570 70121 61827 48102 55753 56295 41314 72551 55524 43873 14449 5946 83786 29450 5811 90206 62118 52615 68061 
1851 20
62449 42784 8076 90832 98532 71754 24372 47864 93418 75646 79332 70104 26999 70893 19732 85434 94077 2958 29689 18328 
7860 19
48240 24305 84469 41569 3402 36445 75104 59875 19307 47710 50291 53950 9732 10683 70194 42738 420 34841 70323 
8483 19
30428 25305 60238 65811 11983 83333 87806 90267 61336 93036 20365 78664 41421 84643 49378 76251 26049 81361 81033 
2666 17
33667 60452 55114 24085 95190 18220 76598 26796 86730 77976 53405 78768 88819 25484 4386 15898 29143 
4482 20
49467 54183 10365 97425 79991 61732 90221 89662 89503 81854 67305 57388 44967 44312 93118 50173 44553 24692 78570 83502 
7036 20
64340 52796 85373 36210 98363 4065 87980 77928 27587 33302 91868 51907 66089 35127 24344 6661 84026 14623 68699 10536 
5280 20
25926 20382 33324 85492 82615 85419 23202 72460 74762 43188 59088 54599 40099 13124 61687 24160 79446 7245 40635 18672 
4139 19
37278 15677 4532 29502 99384 98735 54109 56378 66706 30583 22546 17427 31160 31040 81556 58217 49140 42697 88407 
2935 19
79361 13418 34906 91478 75105 37916 29005 89387 84668 37879 44126 89879 34047 94414 14544 7784 63695 68413 1992 
2442 20
98604 84503 25730 48399 73543 99505 48981 58775 27609 31444 48214 4533 40660 16400 72868 16842 69852 62385 96549 9663 
7174 17
47798 1840 8150 77661 68974 66364 90732 95982 34610 6050 76634 50194 25411 96144 519 66214 889 
3069 17
2904 25563 5537 43919 76490 1388 45787 9878 34797 92895 99210 13607 96849 50189 65572 8143 44352 
2550 18
58905 71671 60872 22333 66314 74903 35072 25915 43330 4811 9757 77291 98984 25849 70802 58338 37967 77956 
8713 16
67293 34939 1490 28902 80978 79029 34916 30057 42292 5124 23882 16942 43209 61429 72714 10372 
1428 18
93846 86181 61667 94906 48620 89187 68625 24353 19174 29116 96522 20040 28211 11065 61659 27125 42416 31269 
3855 18
42140 78981 9568 54015 16419 76438 24001 42970 3646 35842 14893 65553 39292 10973 13115 72291 38937 8185 
1946 19
70491 45740 94673 81283 94057 16007 37602 59859 18216 26043 61933 5055 39379 72024 93984 43211 70889 6934 34940 
8229 19
46631 94098 31630 24435 86711 26993 70850 15876 83719 70180 85919 18836 3782 4149 76368 83748 5665 7632 1883 
9351 19
46662 46045 87856 39189 94942 46723 25313 57540 53821 98885 65727 55167 62353 75492 62301 86714 84927 51107 14722 
2 18
16023 35387 7100 96619 11192 81548 85500 99122 70281 88815 2833 86566 29805 70856 9041 95109 81874 59105 
6506 20
24116 30919 18166 63696 14102 88699 87712 38531 50555 69738 36989 29415 7474 15720 28152 77282 33649 72108 3310 83010 
6712 19
87917 28022 10214 14454 4014 60773 76611 89403 15454 4260 36804 55337 62255 85203 8461 90135 82890 72059 21673 
8956 18
3498 46782 73689 91227 9315 291 2568 26004 15580 56070 12577 65517 87022 76363 75792 96869 68493 38723 
9535 20
85320 36856 95388 48480 61221 97596 34938 79826 847 68240 43180 75980 54056 10660 34928 76331 64372 70220 37307 10276 
5550 20
58514 50544 11741 1654 48580 82752 14204 80049 44942 62560 26075 95358 5669 2023 45040 41301 9351 22466 43236 42494 
485 17
54424 75160 18907 24852 30330 90106 44006 47614 71229 6369 58344 40549 93419 38404 77817 82434 92601 
3745 18
46929 33043 60827 22477 1483 84951 19184 37709 83150 10336 69386 15940 96877 32608 93481 62349 87068 10264 
3058 18
23525 59253 27952 89632 28229 96908 68327 79532 38496 57480 35083 70296 4319 35184 5236 21816 60185 45162 
7185 18
90219 14789 3176 51189 41981 85687 41746 30256 23578 70053 28903 83263 52010 15697 76000 90274 98635 42054 
9385 19
24193 8575 93522 9625 74211 81930 40842 79720 38728 15334 2103 45914 56501 80293 34059 35797 86652 35024 11325 
5469 17
41959 71779 61342 28439 95665 66309 94990 66396 5116 6240 53581 81175 71115 65340 34624 80793 24373 
1788 20
69912 98365 26980 62435 33945 40213 80717 13868 35161 23627 97808 3752 74816 71187 64524 31018 23488 52092 76629 98672 
7980 19
86410 90438 62769 2826 38104 54027 16543 49741 32628 93507 54236 18108 43111 67078 76541 80831 97011 57574 60624 
8855 20
96934 45960 53255 91202 67913 89841 24195 43567 60260 33684 710 83507 2662 28196 20054 52502 77332 38041 43694 24800 
415 20
35379 51182 35870 89686 4159 81386 54775 23893 38207 51525 14555 31832 27588 20048 32142 48942 61405 5888 33165 16613 
2055 20
5499 59987 65188 91863 41799 41440 47421 97431 62518 88144 18570 55571 47379 77093 61117 92375 30771 93835 31848 57445 
3379 20
26928 59275 49574 24050 39822 42082 86589 12270 84328 28652 39501 9205 27275 79397 50098 55511 98941 46467 94541 82652 
9536 16
23190 7833 96470 86746 7034 47966 98834 43091 80553 38237 2979 9114 95844 96880 40451 78845 
5928 19
6437 89184 42070 6800 73704 58680 98020 16327 30727 58003 9901 70381 92971 71629 93169 46283 2104 89660 48786 
861 17
88458 24596 23409 50850 77320 87155 1884 17567 8887 71082 41257 30714 58188 68776 80790 66169 12061 
5456 18
2203 82694 22032 8211 23064 2724 6079 36677 87086 26549 59519 57034 83731 25761 37659 71499 52154 65290 
4214 19
54352 12852 4888 90447 45593 51351 35921 9893 76415 51564 4781 89105 74644 53206 7574 60102 86503 73820 88932 
904 17
1135 16486 26397 97527 64466 31208 62617 53568 86297 37057 44808 71323 90569 7538 24713 96928 28012 
3976 17
11130 87660 69668 23703 51508 22180 29826 92016 87054 70002 27683 1344 58400 48434 99049 77997 8799 
6132 20
99616 70159 78304 91995 22965 35404 31537 49399 3129 98166 7367 31414 82418 53964 24486 86473 72999 51697 26482 70814 
4413 19
20941 10327 3122 28378 49728 59260 7199 46770 14730 57058 20025 84151 91694 32534 68090 37650 66666 7762 18639 
1644 16
44395 33512 76148 49005 70123 27480 97992 86030 24855 64380 14592 32595 73917 76973 76721 86854 
8472 18
40905 96439 37818 28863 42765 71149 52642 74540 1120 47754 42883 88166 96632 87231 27105 15709 78122 31206 
3360 20
72741 68387 13782 16985 24178 99980 30329 28793 96514 40689 41791 31584 36806 11818 59652 6118 33443 21387 88807 62210 
6832 19
96968 91032 72490 99670 80719 59365 25371 935 26356 18282 83082 86543 65767 17907 44438 39171 22132 20256 25364 
4542 20
79102 4720 2233 52653 69311 4344 63513 46958 73552 87562 3178 53817 73484 72482 69449 83643 85037 23859 85353 71911 
895 19
44431 33908 71092 17111 45870 41318 83273 56839 45494 18598 55485 18722 21308 37255 85927 99013 58261 66321 96607 
1847 19
70742 20543 23646 50946 43436 44637 87414 38348 62976 33136 60141 71079 81492 55344 33991 68243 3432 96202 75446 
193 16
9885 62625 77694 98527 33768 14292 52786 1573 96349 82723 33772 24075 15259 5101 23224 39433 
8942 17
31224 36956 36410 6086 38874 24013 4473 56294 99125 63264 36088 20281 66478 11994 64529 31674 41364 
3259 20
46971 38517 44736 50317 93616 82302 78277 48398 85161 97663 99435 36970 56288 83090 30192 99575 5968 80156 95959 43400 
1598 19
11607 13254 38763 51557 10902 30557 64519 38745 93254 9729 34493 79514 11831 76495 56326 3331 17390 57788 81280 
2458 17
27462 13855 53647 24514 23528 44793 78002 28094 88267 93986 47298 64735 24281 48316 29017 21568 16162 
6366 19
10129 42529 98812 48616 98958 45692 2968 49527 91295 17822 53184 18337 70577 39902 87163 46669 81282 74198 56159 
3537 16
4688 8155 85588 93403 38293 57822 37669 57585 92836 73774 53003 87798 50692 81505 47804 37618 
9409 18
49106 11566 82192 72833 53875 46388 69385 50587 10387 93934 27322 15480 21783 6250 53951 64065 96250 48917 
2094 19
35843 19098 54561 17621 94594 86457 14668 33218 8563 8193 440 42579 60462 69442 30639 94298 48468 14588 33503 
6813 20
69768 6220 74865 97787 81170 17926 67902 8553 55089 25936 66067 64979 64233 50355 98822 39847 31912 15031 8745 75971 
2846 19
86611 40708 41753 98739 75647 7492 20710 92210 65011 32465 95082 76610 19318 95158 13959 66593 68311 19006 52421 
5472 18
45597 405 80259 56427 35584 56462 38246 65485 44777 27775 93151 71276 89828 25987 24615 61490 11374 11523 
1928 19
91387 30272 71206 13849 2137 50666 71220 56262 98559 37082 78401 28227 7612 16058 29389 9633 97196 35298 99276 
2488 20
10970 11578 49318 86957 39217 43431 11151 21214 90606 79222 98685 58967 99091 57234 34329 10424 67063 91644 34557 83667 
9559 20
7111 16321 80588 11687 30813 88219 54135 24738 61391 3953 40956 56001 79592 69849 71098 81599 42264 53065 51270 16810 
2439 18
66530 32517 50333 33602 25776 76233 40900 72196 62374 1393 60571 40997 89853 18655 22781 58292 34683 37296 
251 20
42139 36247 41394 30980 2436 28038 36245 51726 88034 49704 43465 56930 68948 380 42849 6156 16364 30613 80354 96369 
8815 20
99096 79358 96637 64531 85085 85140 90531 77628 60735 14161 89261 13066 81427 55870 12267 81150 63130 36656 1827 39562 
3633 17
37261 60022 70306 63309 26199 37585 5821 33275 21371 48502 36198 89635 95905 18645 87095 38668 56272 
9436 17
2878 89190 77664 67395 32535 21388 13433 19172 9161 38650 96533 59163 46967 72877 83452 10436 16117 
6731 20
23942 27771 85691 79451 47566 18816 68330 12788 75800 69452 93050 91015 52706 47041 85659 46905 9527 54323 3019 94173 
4388 16
34052 1073 82696 50184 91380 12450 84944 66454 12154 59041 65184 36024 34992 81015 46182 57524 
